0.100172 0.194023 -0.003212 -0.001465 -0.003366 -0.006234 -0.008206 0.000000 0.000000 0.000000 0.000639 -0.002758 -0.000023 0.000000 0.000000 0.000000 0.000000 0.000000 0.000000 0.000000 0.000000 0.000000 0.000000 0.000000 -9.810000 
0.200515 0.192902 -0.003277 -0.000824 -0.002854 -0.004555 -0.008511 0.000000 0.000000 0.000000 0.002834 -0.004647 -0.000028 0.000000 0.000000 0.000000 0.000000 0.000000 0.000000 0.000000 0.000000 0.000000 0.000000 0.000000 -9.810000 
0.300227 0.192778 -0.003414 -0.001295 -0.002771 -0.004621 -0.005452 0.000000 0.000000 0.000000 0.004627 -0.005963 -0.000030 0.000000 0.000000 0.000000 0.000000 0.000000 0.000000 0.000000 0.000000 0.000000 0.000000 0.000000 -9.810000 
0.400232 0.192494 -0.003632 -0.001322 -0.001461 -0.005069 -0.004883 0.000000 0.000000 0.000000 0.006480 -0.006969 -0.000033 0.000000 0.000000 0.000000 0.000000 0.000000 0.000000 0.000000 0.000000 0.000000 0.000000 0.000000 -9.810000 
0.500489 0.192344 -0.003682 -0.001203 -0.000945 -0.005643 -0.004194 0.000000 0.000000 0.000000 0.008161 -0.007787 -0.000034 0.000000 0.000000 0.000000 0.000000 0.000000 0.000000 0.000000 0.000000 0.000000 0.000000 0.000000 -9.810000 
0.600364 0.192465 -0.003753 -0.000964 0.000017 -0.005648 -0.004981 0.000000 0.000000 0.000000 0.009809 -0.008582 -0.000036 0.000000 0.000000 0.000000 0.000000 0.000000 0.000000 0.000000 0.000000 0.000000 0.000000 0.000000 -9.810000 
0.700088 0.192438 -0.003584 -0.000914 0.000784 -0.005888 -0.004872 0.000000 0.000000 0.000000 0.011502 -0.009389 -0.000038 0.000000 0.000000 0.000000 0.000000 0.000000 0.000000 0.000000 0.000000 0.000000 0.000000 0.000000 -9.810000 
2.921032 0.192674 -0.004927 0.000004 0.011786 0.004534 -0.009989 0.000000 0.000000 0.000000 0.249524 0.216868 0.001338 0.000000 0.000000 0.000000 0.002097 -0.000467 -0.014988 -0.000490 -0.000410 -0.000017 0.000036 0.000029 -9.809993 
3.020875 0.192366 -0.004832 -0.001403 0.003020 -0.000561 0.003860 0.000000 0.000000 0.000000 0.024326 0.035874 0.084867 0.000000 0.000000 0.000000 0.007988 -0.002586 -0.008441 -0.000029 -0.000042 -0.000296 0.000002 -0.000001 -9.809978 
3.120904 0.193271 -0.002888 -0.000436 -0.002972 -0.004970 -0.002784 0.000000 0.000000 0.000000 -0.019367 -0.023253 0.012006 0.000000 0.000000 0.000000 0.005248 -0.010538 -0.013471 0.000156 0.000545 -0.000034 -0.000011 -0.000040 -9.810005 
3.221035 0.193387 -0.002692 -0.000494 -0.005985 -0.001783 -0.007595 0.000000 0.000000 0.000000 -0.028537 0.003297 -0.012717 0.000000 0.000000 0.000000 0.006106 -0.008852 -0.014171 0.000223 0.000151 0.000294 -0.000016 -0.000007 -9.810023 
3.320875 0.194119 -0.003803 -0.001778 -0.004495 -0.007767 0.001075 0.000000 0.000000 0.000000 -0.018151 -0.056420 0.059486 0.000000 0.000000 0.000000 0.005405 -0.004194 -0.012431 0.000037 0.000647 -0.000800 -0.000003 -0.000058 -9.809951 
3.420904 0.192809 -0.005081 -0.001440 0.000114 -0.006535 0.000374 0.000000 0.000000 0.000000 0.015992 -0.022902 0.026618 0.000000 0.000000 0.000000 0.008574 -0.001548 -0.014224 -0.000475 0.000162 -0.000224 0.000035 -0.000015 -9.809986 
3.521035 0.191781 -0.003532 -0.000279 0.000499 -0.002753 -0.003958 0.000000 0.000000 0.000000 0.011210 0.004906 -0.001026 0.000000 0.000000 0.000000 0.010195 -0.004456 -0.015903 -0.000500 -0.000228 0.000200 0.000037 0.000019 -9.810011 
3.620875 0.191366 -0.002789 -0.001091 -0.003979 -0.007023 0.001382 0.000000 0.000000 0.000000 -0.016965 -0.021769 0.033672 0.000000 0.000000 0.000000 0.010743 -0.005135 -0.014939 -0.000217 -0.000083 -0.000290 0.000016 0.000002 -9.809978 
3.720904 0.192699 -0.002432 -0.000399 -0.002931 -0.002742 -0.006155 0.000000 0.000000 0.000000 0.001129 0.008270 -0.007803 0.000000 0.000000 0.000000 0.009102 -0.005349 -0.015902 -0.000479 -0.000422 0.000205 0.000035 0.000033 -9.810009 
